001002,
001064,
003571,
003572,
018330,
018663,
021568,
030681,
037042,
037043,
042584,
075971,
078898,
090009,
090010,
094182,
094183,
094184,
094186,
094187,
094192,
094256,
094257,
094258,
094259,
094273,
094279,
094281,
094188,
094189,
094271,
094274,
094275,
094276,
094277,
094278,
094280,
094289,
105811,
122997,
125598,
139749,
152620,
154846,
161037,
162691,
164522,
186956,
197579,
229583,
234330,
235812,
252634,
256510,
271113,
279761,
279763,
279764,
279765,
301381,
317484,
337512,
338078,
341653,
367897,
384192,
396041,
397533,
414891,
418304,
420819,
433378,
469640,
479545,
531471,
549249,
549250,
549259,
549260,
549261,
549263,
549264,
562056,
564808,
569696,
576552,
583569,
592403,
638535,
638535,
656197,
659685,
667886,
695744,
716095,
748394,
749780,
766579,
821409,
844298,
844509,
866262,
868020,
868022,
870816,
873191,
873192,
873193,
879194,
905576,
915848,
924244,
924300,
924337,
927138,
949125,
953766,
958877,
959896,
968300,
979258,
984993