053901,
053902,
053903,
053904,
053905,
053906,
053907,
053908,
053909,
053910,
053911,
053912,
053913,
053914,
053915,
053916,
053917,
053918,
053919,
053920,
053921,
053922,
053923,
053924,
053925,
053926,
053927,
053928,
053929,
053930,
053931,
053932,
053933,
053935,
053936,
053937,
053938,
053939,
053940,
053941,
053942,
053943,
053944,
053945,
053946,
053948,
053949,
053950,
053951,
053952,
053953,
053954,
053955,
053956,
053957,
053958,
053959,
053960,
053961,
053962,
053963,
053964,
053965,
053966,
053967,
053968,
053969,
053970,
053971,
053972,
053973,
053974,
053975,
053976,
053977,
053978,
053979,
053980,
053981,
053982,
053983,
053984,
053985,
053986,
053987,
053988,
053989,
053990,
053991,
053992,
053993,
053994,
053995,
053996,
053997,
053998,
053999,
054000,
043610,
051235,
051236,
051238,
051239,
082148,
086329,
111211,
130785,
145964,
152232,
156547,
156564,
176959,
194979,
195024,
195025,
195026,
195027,
195096,
195099,
196408,
196618,
196624,
196640,
196753,
196932,
196934,
196935,
196936,
196978,
197511,
197731,
197804,
197839,
197958,
197960,
197963,
198031,
198133,
198136,
198202,
198203,
220175,
220176,
223232,
232064,
234933,
263193,
271118,
315193,
432246,
437645,
475380,
476238,
476239,
476240,
476241,
510494,
539630,
561783,
566793,
610764,
647679,
657737,
657739,
661045,
661046,
661047,
661048,
661049,
661050,
661052,
661053,
662210,
674819,
718665,
718666,
721707,
750191,
758453,
816458,
841084,
841085,
859742,
884451,
906152,
910921,
944099,
959713,
975472,
981127,
981128,
998451,
999874